101101101100100110100101100100
001001010011010100110101011011
010010011011011011011010010010
100110100100101010101001101101
011001101001010101010110010101
011010011011001100101001101010
100110010110101010100101001101
010101101101010101011010010010
101010010010101101010010110110
001010110100101010101101101001
010101001011010101101001010101
110010110100100110010110011010
101101001001011001011010100110
001101010110101010100101010101
010010100101010100110110101011
101101011010101001001011010010
110010011011010011001001001101
001001100101101100110100110011
100110100100110011011010011010
110101011011001100101001100100
001010110010110011010100110011
011010100101010110101011001100
110101001100101001001101011010
101010011010110011010010100101
010101100101001100110010101011
100110101010011011001101010100
011001010101100101100110101001
110010100100110010011010110011
001101101011001101100101001100
110101011010010010010110101100
